# msd, number of counts: 9999501
# column 1: time [ps]
# column 2: msd xyz [A^2]
# column 3: msd x [A^2]
# column 4: msd y [A^2]
# column 5: msd z [A^2]
# column 6: number of samples [-]
0.005 2.5718646249681434e-25 4.685908952314256e-26 4.98651922023092e-26 1.6046218077136258e-25 (count: 9999500)
0.01 3.0149836030487054e-25 5.930609267105903e-26 6.586501134214734e-26 1.763272562916642e-25 (count: 9999499)
0.015 3.4618451550703635e-25 7.184351115493742e-26 8.189922156493944e-26 1.9244178278715948e-25 (count: 9999498)
0.02 3.910153808219184e-25 8.451917276761021e-26 9.799480878283085e-26 2.085013992714773e-25 (count: 9999497)
0.025 4.360702673171106e-25 9.723772740970791e-26 1.1414305796875013e-25 2.246894819386526e-25 (count: 9999496)
0.03 4.813972583951117e-25 1.1002695022318292e-25 1.3034076142858576e-25 2.4102954674334306e-25 (count: 9999495)
0.035 5.271001408809372e-25 1.2291483097362774e-25 1.4661811894979726e-25 2.575671909575122e-25 (count: 9999494)
0.04 5.7307015083890405e-25 1.3591371210963524e-25 1.62985069480149e-25 2.741713692491198e-25 (count: 9999493)
0.045 6.191843273915485e-25 1.4899568689528847e-25 1.7934291504582654e-25 2.908457254504335e-25 (count: 9999492)
0.05 6.655086086083923e-25 1.6210335923103512e-25 1.958513522823802e-25 3.0755389709497705e-25 (count: 9999491)
0.055 7.122655914189547e-25 1.753504224712385e-25 2.123711409733812e-25 3.2454402797433497e-25 (count: 9999490)
0.06 7.5901323529068765e-25 1.8862339961847853e-25 2.2897424677293632e-25 3.4141558889927283e-25 (count: 9999489)
0.065 8.060840441982689e-25 2.0201001079982233e-25 2.456701034601532e-25 3.5840392993829334e-25 (count: 9999488)
0.07 8.536643396833675e-25 2.1549043159728874e-25 2.6239862256289963e-25 3.7577528552317914e-25 (count: 9999487)
0.075 9.011313878598892e-25 2.289865809129226e-25 2.7917736893334447e-25 3.9296743801362206e-25 (count: 9999486)
0.08 9.488892547656534e-25 2.4260225660064467e-25 2.9602224450521564e-25 4.1026475365979304e-25 (count: 9999485)
0.085 9.969932698868647e-25 2.5633734583203606e-25 3.1291444496176225e-25 4.277414790930663e-25 (count: 9999484)
0.09 1.0452897552318338e-24 2.7007581913785455e-25 3.299209173502216e-25 4.452930187437577e-25 (count: 9999483)
0.095 1.0939516630690884e-24 2.839396328850917e-25 3.469984414504111e-25 4.630135887335855e-25 (count: 9999482)
0.1 1.142679574775836e-24 2.9786690882549573e-25 3.640606023582994e-25 4.807520635920408e-25 (count: 9999481)
0.105 1.1915658753787934e-24 3.1184908361080875e-25 3.811847070126136e-25 4.98532084755371e-25 (count: 9999480)
0.11 1.2409121168692343e-24 3.2603307601446832e-25 3.9844921972067817e-25 5.164298211340879e-25 (count: 9999479)
0.115 1.2906758296638814e-24 3.4019733059326904e-25 4.15745477803026e-25 5.347330212675864e-25 (count: 9999478)
0.12 1.3403654798906184e-24 3.5447981970141874e-25 4.330668376791255e-25 5.528188225100743e-25 (count: 9999477)
0.125 1.3925772792450282e-24 3.686591063825309e-25 4.51246685970613e-25 5.726714868918844e-25 (count: 399979)
0.25 2.728059043064046e-24 7.545012529373152e-25 9.07905668962513e-25 1.0656521211642178e-24 (count: 399978)
0.375 4.2206280467929795e-24 1.1896764414098374e-24 1.4058708364203772e-24 1.6250807689627648e-24 (count: 399977)
0.5 5.873225292431835e-24 1.6753327113353364e-24 1.9448835608740446e-24 2.2530090202224535e-24 (count: 399976)
0.625 7.684086314934415e-24 2.211146247708957e-24 2.525585823965446e-24 2.9473542432600114e-24 (count: 399975)
0.75 9.653394279994878e-24 2.796729972123165e-24 3.1464962349366073e-24 3.710168072935105e-24 (count: 399974)
0.875 1.17815105483335e-23 3.431541321915858e-24 3.8122662180966914e-24 4.5377030083209506e-24 (count: 399973)
1 1.4071501940717858e-23 4.11814187432928e-24 4.520901489201711e-24 5.432458577186868e-24 (count: 399972)
1.125 1.6517594969733602e-23 4.856439387545828e-24 5.271158175362337e-24 6.389997406825438e-24 (count: 399971)
1.25 1.91263055541258e-23 5.64601177520493e-24 6.0660396954616074e-24 7.414254083459264e-24 (count: 399970)
1.375 2.1890571250589456e-23 6.486343939859016e-24 6.900801727267383e-24 8.503425583463058e-24 (count: 399969)
1.5 2.4811700651951863e-23 7.376961448429556e-24 7.774707296544385e-24 9.66003190697792e-24 (count: 399968)
1.625 2.789703594893215e-23 8.31923577456762e-24 8.692167713197905e-24 1.0885632461166624e-23 (count: 399967)
1.75 3.1141815724131465e-23 9.31274996280897e-24 9.65416228946984e-24 1.2174903471852657e-23 (count: 399966)
1.875 3.455030801777444e-23 1.0355447398008949e-23 1.0658991759064809e-23 1.353586886070068e-23 (count: 399965)
2 3.8112479060924685e-23 1.144925813009264e-23 1.1704272840938525e-23 1.495894808989352e-23 (count: 399964)
2.125 4.183818079938893e-23 1.2596185895535176e-23 1.2791786963185568e-23 1.6450207940668188e-23 (count: 399963)
2.25 4.572023510758152e-23 1.37941557915398e-23 1.3920862219511697e-23 1.8005217096530027e-23 (count: 399962)
2.375 4.976280709384756e-23 1.5043157551263557e-23 1.509260663096003e-23 1.9627042911623972e-23 (count: 399961)
2.5 5.396439160871704e-23 1.634253448418781e-23 1.630611692239555e-23 2.1315740202133677e-23 (count: 399960)
2.625 5.8328290916961e-23 1.769505649375851e-23 1.756395638778254e-23 2.3069278035419953e-23 (count: 399959)
2.75 6.285058658201622e-23 1.909890928208582e-23 1.8863155523676603e-23 2.48885217762538e-23 (count: 399958)
2.875 6.753335430867387e-23 2.0554598566622505e-23 2.020516065705985e-23 2.677359508499152e-23 (count: 399957)
3 7.237857566475623e-23 2.2061220537360953e-23 2.1588856025246733e-23 2.8728499102148544e-23 (count: 399956)
3.125 7.732085146667749e-23 2.3600363290775943e-23 2.2919425972977533e-23 3.080106220292401e-23 (count: 15998)
6.25 2.5392639002931427e-22 7.898180604951405e-23 7.204164136055038e-23 1.0290294261924983e-22 (count: 15997)
9.375 5.302998127936257e-22 1.6616563206972313e-22 1.475093129280909e-22 2.1662486779581163e-22 (count: 15996)
12.5 9.059153925177777e-22 2.850571301495446e-22 2.491104848091564e-22 3.7174777755907666e-22 (count: 15995)
15.625 1.3809249490823323e-21 4.358523760947366e-22 3.7686559391629934e-22 5.6820697907129625e-22 (count: 15994)
18.75 1.9549199412817865e-21 6.183414637888018e-22 5.304889381670017e-22 8.060895393259831e-22 (count: 15993)
21.875 2.6278089107861888e-21 8.327889946717594e-22 7.101540787965726e-22 1.0848658373178565e-21 (count: 15992)
25 3.3998148635992024e-21 1.07900657306534e-21 9.157793434708095e-22 1.4050289470630531e-21 (count: 15991)
28.125 4.271019607908803e-21 1.3569847493954257e-21 1.1473004401569066e-21 1.76673441835647e-21 (count: 15990)
31.25 5.2410921770258454e-21 1.6667807655858153e-21 1.4044621158274034e-21 2.169849295612627e-21 (count: 15989)
34.375 6.310795053722768e-21 2.0086728418267976e-21 1.687714461571353e-21 2.6144077503246167e-21 (count: 15988)
37.5 7.479568100178432e-21 2.382140240688577e-21 1.9970053847908957e-21 3.1004224746989595e-21 (count: 15987)
40.625 8.747437785251838e-21 2.7873890076391267e-21 2.3321596026880324e-21 3.627889174924679e-21 (count: 15986)
43.75 1.0114117006743009e-20 3.2242559290805065e-21 2.693153781358715e-21 4.196707296303787e-21 (count: 15985)
46.875 1.1579394005403374e-20 3.69302447558243e-21 3.080016643266022e-21 4.806352886554922e-21 (count: 15984)
50 1.3143426958678442e-20 4.193445282865694e-21 3.492697738341049e-21 5.4572839374717e-21 (count: 15983)
53.125 1.4806359562848606e-20 4.72557329831651e-21 3.9314068943479296e-21 6.149379370184167e-21 (count: 15982)
56.25 1.6567768794050308e-20 5.2895078947305494e-21 4.395798060469414e-21 6.882462838850343e-21 (count: 15981)
59.375 1.8427321895248812e-20 5.8851647828830296e-21 4.885997343466473e-21 7.656159768899308e-21 (count: 15980)
62.5 2.0385643560240304e-20 6.512724695561638e-21 5.40229111788717e-21 8.470627746791494e-21 (count: 15979)
65.625 2.2442572464847532e-20 7.171919852950956e-21 5.944594091513917e-21 9.326058520382658e-21 (count: 15978)
68.75 2.459825055848307e-20 7.862907882167725e-21 6.512875839343625e-21 1.0222466836971723e-20 (count: 15977)
71.875 2.6852766678671438e-20 8.585418012105084e-21 7.106876201325964e-21 1.1160472465240391e-20 (count: 15976)
75 2.920617894011417e-20 9.339582545248027e-21 7.726723788062578e-21 1.2139872606803563e-20 (count: 15975)
78.125 3.1694548980888015e-20 1.0142023965133571e-20 8.383649756640904e-21 1.3168875259113537e-20 (count: 638)
156.25 1.2502516225645425e-19 4.010148207149542e-20 3.291450001104742e-20 5.2009180173911406e-20 (count: 637)
234.375 2.7946304266912534e-19 8.977563404911813e-20 7.337904188387908e-20 1.1630836673612813e-19 (count: 636)
312.5 4.944475367395144e-19 1.5902382231166268e-19 1.2963453585254957e-19 2.0578917857530222e-19 (count: 635)
390.625 7.695708095083994e-19 2.476943881658353e-19 2.0141658556704102e-19 3.204598357755231e-19 (count: 634)
468.75 1.1045901111450026e-18 3.5561461110044923e-19 2.8868036962909315e-19 4.602951304154601e-19 (count: 633)
546.875 1.4990248479929691e-18 4.826216239866235e-19 3.913485661965591e-19 6.250546578097865e-19 (count: 632)
625 1.95213371292369e-18 6.285841547336951e-19 5.09166934177397e-19 8.143826240125979e-19 (count: 631)
703.125 2.4632986995716584e-18 7.932863088438663e-19 6.418774066107126e-19 1.0281349841170795e-18 (count: 630)
781.25 3.031937728909774e-18 9.765314609327198e-19 7.892814808922867e-19 1.2661247870847675e-18 (count: 629)
859.375 3.657538260873999e-18 1.1780888509819323e-18 9.511975349848168e-19 1.5282518749072497e-18 (count: 628)
937.5 4.339345787499581e-18 1.3976685632216255e-18 1.127468716275224e-18 1.8142085080027312e-18 (count: 627)
1015.625 5.077084693296572e-18 1.6351068708803522e-18 1.3179656692078195e-18 2.1240121532083996e-18 (count: 626)
1093.75 5.869719134200491e-18 1.8902089167434868e-18 1.5224510331905295e-18 2.4570591842664746e-18 (count: 625)
1171.875 6.716368182319676e-18 2.1627189821683443e-18 1.7406019527057942e-18 2.813047247445537e-18 (count: 624)
1250 7.616809714059904e-18 2.4525328793459628e-18 1.9724298327088127e-18 3.191847002005129e-18 (count: 623)
1328.125 8.570205616873998e-18 2.759402043911833e-18 2.217750497339532e-18 3.5930530756226334e-18 (count: 622)
1406.25 9.575820409265029e-18 3.0830351783081844e-18 2.4764816522331846e-18 4.0163035787236605e-18 (count: 621)
1484.375 1.063338139544234e-17 3.423428716790077e-18 2.7485773820132475e-18 4.461375296639017e-18 (count: 620)
1562.5 1.1741930535134935e-17 3.7804538007125e-18 3.033770769582767e-18 4.9277059648396665e-18 (count: 619)
1640.625 1.2900925319017958e-17 4.153790639510521e-18 3.3318826697662623e-18 5.415252009741174e-18 (count: 618)
1718.75 1.410984168277679e-17 4.543358124851243e-18 3.642745128241476e-18 5.923738429684072e-18 (count: 617)
1796.875 1.5367732684393407e-17 4.948981761163104e-18 3.966168309340495e-18 6.452582613889807e-18 (count: 616)
1875 1.667307046965347e-17 5.370533405939108e-18 4.302006285694683e-18 7.000530778019679e-18 (count: 615)
1953.125 1.8230077605127176e-17 5.744349125319262e-18 4.8065104122664085e-18 7.679218067541505e-18 (count: 24)
3906.25 6.638705531366568e-17 2.1342222436407383e-17 1.7186484760768606e-17 2.785834811648969e-17 (count: 23)
5859.375 1.338937531517009e-16 4.467486266557208e-17 3.4100624743177735e-17 5.5118265742951093e-17 (count: 22)
7812.5 2.1062431533569583e-16 7.42038814499325e-17 5.263589988552995e-17 8.378453400023338e-17 (count: 21)
9765.625 2.892715576583428e-16 1.0880143838681529e-16 7.17016854390003e-17 1.087684338325272e-16 (count: 20)
11718.75 3.602884102714511e-16 1.4643966267101889e-16 9.092843027835031e-17 1.229203173220819e-16 (count: 19)
13671.875 4.1909179235249745e-16 1.8571135660977364e-16 1.0882235101203729e-16 1.245580847306865e-16 (count: 18)
15625 4.732006909717712e-16 2.23538416992804e-16 1.2704025675581248e-16 1.2262201722315468e-16 (count: 17)
17578.125 5.231832969457205e-16 2.5993838916320784e-16 1.4742134489866748e-16 1.1582356288384517e-16 (count: 16)
19531.25 5.816349784799204e-16 2.986275764740117e-16 1.6762149438462218e-16 1.1538590762128649e-16 (count: 15)
21484.375 6.569308711695451e-16 3.4277337225008875e-16 1.8651568084599345e-16 1.2764181807346289e-16 (count: 14)
23437.5 7.438495644802165e-16 3.840768983452826e-16 2.0326427207686437e-16 1.565083940580696e-16 (count: 13)
25390.625 8.305352586444793e-16 4.1719836298820383e-16 2.1672708188212206e-16 1.9660981377415333e-16 (count: 12)
27343.75 9.046360220599653e-16 4.4097348672207626e-16 2.294765887230439e-16 2.341859466148452e-16 (count: 11)
29296.875 9.425416671922356e-16 4.475405216484098e-16 2.379575217816213e-16 2.5704362376220454e-16 (count: 10)
31250 9.408532436830365e-16 4.353235760738404e-16 2.407776674222427e-16 2.6475200018695333e-16 (count: 9)
33203.125 9.089783008419486e-16 4.0882979879923573e-16 2.376763794684016e-16 2.6247212257431126e-16 (count: 8)
35156.25 8.520699491462494e-16 3.7885266053691086e-16 2.1962700064701593e-16 2.5359028796232262e-16 (count: 7)
37109.375 7.712886618982328e-16 3.5484358858843567e-16 1.93084973117079e-16 2.233601001927182e-16 (count: 6)
39062.5 7.169295693597923e-16 3.55580865399918e-16 1.650996146591522e-16 1.962490893007221e-16 (count: 5)
41015.625 6.943898586397324e-16 3.8265199444510306e-16 1.282600983684292e-16 1.8347776582620014e-16 (count: 4)
42968.75 6.882398577358695e-16 4.1970092502214666e-16 8.764785230424802e-17 1.8089108040947472e-16 (count: 3)
44921.875 7.096950348244347e-16 4.617426163135093e-16 5.0652284381493246e-17 1.9730013412943213e-16 (count: 2)
46875 7.530431797814533e-16 4.734491926104726e-16 3.153172030203756e-17 2.480622668689432e-16 (count: 1)
