0.0005 1.15834e-05 3.94077e-06 3.812e-06 3.83067e-06 (count: 7.39e+06)
0.001 4.63335e-05 1.5763e-05 1.52479e-05 1.53226e-05 (count: 7.39e+06)
0.0015 0.000104249 3.54665e-05 3.43075e-05 3.44755e-05 (count: 7.39e+06)
0.002 0.00018533 6.30507e-05 6.09903e-05 6.12891e-05 (count: 7.39e+06)
0.0025 0.000289574 9.85153e-05 9.52959e-05 9.57628e-05 (count: 7.39e+06)
0.003 0.000416979 0.000141859 0.000137224 0.000137896 (count: 7.39e+06)
0.0035 0.000567542 0.000193082 0.000186772 0.000187687 (count: 7.38999e+06)
0.004 0.00074126 0.000252183 0.000243941 0.000245136 (count: 7.38999e+06)
0.0045 0.00093813 0.00031916 0.000308729 0.000310242 (count: 7.38999e+06)
0.005 0.00115815 0.000394012 0.000381134 0.000383002 (count: 7.38999e+06)
0.0055 0.00140131 0.000476737 0.000461156 0.000463416 (count: 7.38999e+06)
0.006 0.00166761 0.000567335 0.000548792 0.000551481 (count: 7.38999e+06)
0.0065 0.00195704 0.000665803 0.000644041 0.000647197 (count: 7.38999e+06)
0.007 0.0022696 0.000772139 0.0007469 0.00075056 (count: 7.38999e+06)
0.0075 0.00260528 0.000886341 0.000857368 0.00086157 (count: 7.38999e+06)
0.008 0.00296407 0.00100841 0.000975442 0.000980223 (count: 7.38998e+06)
0.0085 0.00334597 0.00113833 0.00110112 0.00110652 (count: 7.38998e+06)
0.009 0.00375097 0.00127612 0.0012344 0.00124045 (count: 7.38998e+06)
0.0095 0.00417906 0.00142176 0.00137528 0.00138202 (count: 7.38998e+06)
0.01 0.00463023 0.00157526 0.00152375 0.00153122 (count: 7.38998e+06)
0.0105 0.00510447 0.0017366 0.00167982 0.00168805 (count: 7.38998e+06)
0.011 0.00560177 0.00190579 0.00184347 0.00185251 (count: 7.38998e+06)
0.0115 0.00612213 0.00208283 0.00201471 0.00202459 (count: 7.38998e+06)
0.012 0.00666553 0.0022677 0.00219354 0.00220429 (count: 7.38998e+06)
0.0125 0.00723197 0.00246041 0.00237995 0.00239161 (count: 295599)
0.025 0.0288364 0.00981102 0.00948934 0.00953602 (count: 295598)
0.0375 0.0645452 0.0219621 0.0212391 0.0213441 (count: 295597)
0.05 0.113932 0.0387709 0.0374875 0.037674 (count: 295596)
0.0625 0.17644 0.0600503 0.0580494 0.0583404 (count: 295595)
0.075 0.251409 0.0855789 0.0827057 0.083124 (count: 295594)
0.0875 0.338106 0.115111 0.111214 0.111781 (count: 295593)
0.1 0.435755 0.148384 0.143317 0.144055 (count: 295592)
0.1125 0.543556 0.185128 0.17875 0.179678 (count: 295591)
0.125 0.660704 0.225071 0.217248 0.218386 (count: 295590)
0.1375 0.786404 0.267943 0.258548 0.259913 (count: 295589)
0.15 0.919882 0.313482 0.302395 0.304005 (count: 295588)
0.1625 1.06039 0.361432 0.348544 0.350412 (count: 295587)
0.175 1.2072 0.411548 0.396757 0.398899 (count: 295586)
0.1875 1.35965 0.463597 0.446811 0.449238 (count: 295585)
0.2 1.51707 0.517358 0.498492 0.501216 (count: 295584)
0.2125 1.67885 0.572619 0.551598 0.554629 (count: 295583)
0.225 1.84441 0.629184 0.605939 0.609288 (count: 295582)
0.2375 2.01321 0.686865 0.661334 0.665011 (count: 295581)
0.25 2.18473 0.745486 0.717617 0.721628 (count: 295580)
0.2625 2.35849 0.804883 0.774626 0.778982 (count: 295579)
0.275 2.53404 0.8649 0.832215 0.836922 (count: 295578)
0.2875 2.71094 0.925391 0.890243 0.895309 (count: 295577)
0.3 2.88881 0.986218 0.948578 0.95401 (count: 295576)
0.3125 3.06819 1.04806 1.00658 1.01354 (count: 11823)
0.625 6.91821 2.36052 2.26865 2.28904 (count: 11822)
0.9375 8.3135 2.83921 2.72518 2.7491 (count: 11821)
1.25 8.13818 2.78046 2.65872 2.699 (count: 11820)
1.5625 7.92162 2.70916 2.58024 2.63223 (count: 11819)
1.875 8.02159 2.74055 2.60806 2.67297 (count: 11818)
2.1875 8.17186 2.79039 2.67126 2.71021 (count: 11817)
2.5 8.22631 2.81665 2.68289 2.72676 (count: 11816)
2.8125 8.25296 2.85706 2.66809 2.72781 (count: 11815)
3.125 8.27958 2.88368 2.67128 2.72462 (count: 11814)
3.4375 8.32563 2.88505 2.70037 2.7402 (count: 11813)
3.75 8.37871 2.87275 2.70414 2.80183 (count: 11812)
4.0625 8.43754 2.86851 2.72081 2.84822 (count: 11811)
4.375 8.47317 2.87988 2.75718 2.83611 (count: 11810)
4.6875 8.49322 2.92187 2.77286 2.79849 (count: 11809)
5 8.51837 2.95198 2.78635 2.78004 (count: 11808)
5.3125 8.51664 2.91332 2.80426 2.79906 (count: 11807)
5.625 8.5503 2.88892 2.81096 2.85041 (count: 11806)
5.9375 8.6525 2.92346 2.81943 2.90961 (count: 11805)
6.25 8.70643 2.97292 2.81143 2.92208 (count: 11804)
6.5625 8.66648 2.999 2.77729 2.89019 (count: 11803)
6.875 8.63555 3.0028 2.75667 2.87608 (count: 11802)
7.1875 8.71233 3.02507 2.76785 2.91941 (count: 11801)
7.5 8.83579 3.05344 2.78353 2.99881 (count: 11800)
7.8125 8.08682 2.70092 2.58466 2.80125 (count: 471)
15.625 8.63739 3.07393 2.71471 2.84875 (count: 470)
23.4375 8.97584 3.03652 2.82779 3.11154 (count: 469)
31.25 9.69332 3.28658 3.04643 3.36031 (count: 468)
39.0625 10.1184 3.37416 3.1904 3.55387 (count: 467)
46.875 10.7093 3.66163 3.1676 3.88011 (count: 466)
54.6875 11.7058 3.98631 3.40245 4.31699 (count: 465)
62.5 12.219 4.18847 3.66616 4.36436 (count: 464)
70.3125 12.6603 4.1144 3.76588 4.78006 (count: 463)
78.125 13.1701 4.55768 3.86195 4.75049 (count: 462)
85.9375 13.6359 4.47535 3.91153 5.249 (count: 461)
93.75 14.2984 4.75479 4.33977 5.20384 (count: 460)
101.562 14.5426 4.88018 4.2807 5.38173 (count: 459)
109.375 14.8101 4.89212 4.20077 5.71725 (count: 458)
117.188 15.4076 5.25036 4.27755 5.8797 (count: 457)
125 16.4031 5.56718 4.58858 6.24737 (count: 456)
132.812 16.5005 5.46983 4.51792 6.51281 (count: 455)
140.625 17.521 5.90411 4.52577 7.09108 (count: 454)
148.438 17.8276 5.95073 4.73085 7.14603 (count: 453)
156.25 18.023 6.09535 4.61945 7.30821 (count: 452)
164.062 19.0457 6.76362 4.64525 7.63683 (count: 451)
171.875 19.7527 7.23737 4.62368 7.89164 (count: 450)
179.688 20.7141 7.43892 4.74259 8.53256 (count: 449)
187.5 21.3956 7.66253 4.87664 8.85648 (count: 448)
195.312 18.9206 6.64603 3.23715 9.03745 (count: 17)
390.625 38.2897 15.4117 6.22937 16.6486 (count: 16)
585.938 54.007 28.2844 7.5918 18.1308 (count: 15)
781.25 77.7459 42.2856 9.36696 26.0934 (count: 14)
976.562 101.005 53.1758 14.7884 33.0404 (count: 13)
1171.88 123.876 68.5694 20.3473 34.9596 (count: 12)
1367.19 140.545 81.1352 25.0321 34.378 (count: 11)
1562.5 161.659 107.614 27.8237 26.2214 (count: 10)
1757.81 191.506 133.624 31.1801 26.7023 (count: 9)
1953.12 227.234 171.354 34.1332 21.747 (count: 8)
2148.44 249.094 204.098 33.3176 11.6783 (count: 7)
2343.75 300.282 242.654 36.4398 21.1879 (count: 6)
2539.06 331.839 265.428 41.0661 25.3455 (count: 5)
2734.38 335.908 264.448 40.5333 30.9261 (count: 4)
2929.69 323.854 260.625 31.7094 31.5197 (count: 3)
3125 256.086 196.909 35.3679 23.809 (count: 2)
3320.31 230.988 188.46 29.9683 12.5597 (count: 1)
