# energy_histogram, number of counts: 59910002
# column 1: energy [K]
# column 2: total energy histogram [-]
# column 3: total energy histogram error [-]
# column 4: VDW energy histogram [-]
# column 5: VDW energy histogram error [-]
# column 6: Coulombic energy histogram [-]
# column 7: Coulombic energy histogram error [-]
# column 8: Polarization energy histogram [-]
# column 9: Polarization energy histogram error [-]
-3710 3.044566748637398e-05 0 0 0 0 0 0 0
-3695 0.0003663495120564343 0 0 0 0 0 0 0
-3680 0.0009487230529553313 0 0 0 0 0 0 0
-3665 0.0015803037362609336 0 0 0 0 0 0 0
-3650 0.0022178600494788835 0 0 0 0 0 0 0
-3635 0.002815957175230941 0 0 0 0 0 0 0
-3620 0.0033710230889326294 0 0 0 0 0 0 0
-3605 0.0038924385280441156 0 0 0 0 0 0 0
-3590 0.004351426995445602 0 0 0 0 0 0 0
-3575 0.00477619747033225 0 0 0 0 0 0 0
-3560 0.005132632110411214 0 0 0 0 0 0 0
-3545 0.0054193621959819 0 0 0 0 0 0 0
-3530 0.005675980448139528 0 0 0 0 0 0 0
-3515 0.0059026537839207555 0 0 0 0 0 0 0
-3500 0.006091002968085363 0 0 0 0 0 0 0
-3485 0.006244800325661815 0 0 0 0 0 0 0
-3470 0.006388482510816808 0 0 0 0 0 0 0
-3455 0.006445467987131765 0 0 0 0 0 0 0
-3440 0.0064915037058419734 0 0 0 0 0 0 0
-3425 0.006542847386317898 0 0 0 0 0 0 0
-3410 0.006575229291429501 0 0 0 0 0 0 0
-3395 0.006543414904242534 0 0 0 0 0 0 0
-3380 0.006538307242920807 0 0 0 0 0 0 0
-3365 0.00650609225484586 0 0 0 0 0 0 0
-3350 0.006454247823259963 0 0 0 0 0 0 0
-3335 0.006398197082350289 0 0 0 0 0 0 0
-3320 0.006318043521347237 0 0 0 0 0 0 0
-3305 0.006227674637700731 0 0 0 0 0 0 0
-3290 0.006162944210884854 0 0 0 0 0 0 0
-3275 0.006038757935611486 0 0 0 0 0 0 0
-3260 0.005950592356848861 0 0 0 0 0 0 0
-3245 0.005836588020811617 0 0 0 0 0 0 0
-3230 0.005726222476173512 0 0 0 0 0 0 0
-3215 0.005592455162995989 0 0 0 0 0 0 0
-3200 0.005488298932121552 0 0 0 0 0 0 0
-3185 0.005353930717612062 0 0 0 0 0 0 0
-3170 0.005255149215318004 0 0 0 0 0 0 0
-3155 0.005090836084432112 0 0 0 0 0 0 0
-3140 0.004995893673981183 0 0 0 0 0 0 0
-3125 0.004846169092099179 0 0 0 0 0 0 0
-3110 0.004772592062340442 0 0 0 0 0 0 0
-3095 0.004607210662419941 0 0 0 0 0 0 0
-3080 0.00450058405940297 0 0 0 0 0 0 0
-3065 0.004373593577913752 0 0 0 0 0 0 0
-3050 0.004261892696982384 0 0 0 0 0 0 0
-3035 0.00414081107859085 0 0 0 0 0 0 0
-3020 0.004031747486838676 0 0 0 0 0 0 0
-3005 0.003905624973940078 0 0 0 0 0 0 0
-2990 0.0037932898082694106 0 0 0 0 0 0 0
-2975 0.0036918042499814977 0 0 0 0 0 0 0
-2960 0.003586045615555146 0 0 0 0 0 0 0
-2945 0.003472508647220543 0 0 0 0 0 0 0
-2930 0.00338244021424002 0 0 0 0 0 0 0
-2915 0.003257819954671342 0 0 0 0 0 0 0
-2900 0.0031668167862855356 0 0 0 0 0 0 0
-2885 0.003060891234822526 0 0 0 0 0 0 0
-2870 0.0029851109001799068 0 0 0 0 0 0 0
-2855 0.0028672007054848705 0 0 0 0 0 0 0
-2840 0.0027876146624064542 0 0 0 0 0 0 0
-2825 0.0027186111594521395 0 0 0 0 0 0 0
-2810 0.002613086208877109 0 0 0 0 0 0 0
-2795 0.002513937489102404 0 0 0 0 0 0 0
-2780 0.002457486147304752 0 0 0 0 0 0 0
-2765 0.0023772992028943682 0 0 0 0 0 0 0
-2750 0.002316441251328952 0 0 0 0 0 0 0
-2735 0.0022200633543627657 0 0 0 0 0 0 0
-2720 0.0021797695817135847 0 0 0 0 0 0 0
-2705 0.0021009179735964625 0 0 0 0 0 0 0
-2690 0.0020260723743591265 0 0 0 0 0 0 0
-2675 0.0019593055596960254 0 0 0 0 0 0 0
-2660 0.0019045233882649512 0 0 0 0 0 0 0
-2645 0.0018429643851455722 0 0 0 0 0 0 0
-2630 0.0017915539378549846 0 0 0 0 0 0 0
-2615 0.0017198129954994828 0 0 0 0 0 0 0
-2600 0.001670038335168141 0 0 0 0 0 0 0
-2585 0.001615022479885746 0 0 0 0 0 0 0
-2570 0.0015718577342060513 0 0 0 0 0 0 0
-2555 0.0015119345180459184 0 0 0 0 0 0 0
-2540 0.001480253664488277 0 0 0 0 0 0 0
-2525 0.0014242363069859353 0 0 0 0 0 0 0
-2510 0.001383942534336754 0 0 0 0 0 0 0
-2495 0.0013354364434840114 0 0 0 0 0 0 0
-2480 0.0012997829644539154 0 0 0 0 0 0 0
-2465 0.0012619595639472689 0 0 0 0 0 0 0
-2450 0.0012263394683245045 0 0 0 0 0 0 0
-2435 0.0011877148660419008 0 0 0 0 0 0 0
-2420 0.001147821694280698 0 0 0 0 0 0 0
-2405 0.001112101448435939 0 5.5750290243689195e-06 0 0 0 0 0
-2390 0.00108499412168272 0 0.0006093139506154582 0 0 0 0 0
-2375 0.0010598564159620626 0 0.0019904856621436938 0 0 0 0 0
-2360 0.0010343514927607582 0 0.0034002001869404045 0 0 0 0 0
-2345 0.0010032381571277531 0 0.0047561340425259875 0 0 0 0 0
-2330 0.0009661825749897322 0 0.005969120147917872 0 0 0 0 0
-2315 0.0009504923735439034 0 0.006962076215587508 0 0 0 0 0
-2300 0.0009326990174361871 0 0.0077840090874976104 0 0 0 0 0
-2285 0.0009020196660984922 0 0.008455816776637731 0 0 0 0 0
-2270 0.0008834251082148187 0 0.008921148091432213 0 0 0 0 0
-2255 0.0008948422335222089 0 0.009316374250830439 0 0 0 0 0
-2240 0.0009417793042303688 0 0.009572057767582782 0 0 0 0 0
-2225 0.001038891636157849 0 0.009745451185262856 0 0 0 0 0
-2210 0.0011744616533312753 0 0.009851009519245217 0 0 0 0 0
-2195 0.0013364045622966264 0 0.00987300918467671 0 0 0 0 0
-2180 0.0015344349345873833 0 0.009813319652367897 0 0 0 0 0
-2165 0.0017977966350259846 0 0.009762276422557956 0 0 0 0 0
-2150 0.0022175595988128995 0 0.009578968132900413 0 0 0 0 0
-2135 0.0026636286875770764 0 0.009414421318163202 0 0 0 0 0
-2120 0.0034156233211275807 0 0.009267801393163033 0 0 0 0 0
-2105 0.005463795511140194 0 0.009085728289576756 0 0 0 0 0
-2090 0.007812885734839401 0 0.00891570659603717 0 0 0 0 0
-2075 0.009136504452128043 0 0.008793757009055016 0 0 0 0 0
-2060 0.009992254715665007 0 0.008666766527565798 0 0 0 0 0
-2045 0.010595125668665476 0 0.008570221713562955 0 0 0 0 0
-2030 0.011061758936345888 0 0.008505224219488426 0 0 0 0 0
-2015 0.01140844562148404 0 0.008474211034077415 0 0 0 0 0
-2000 0.011643631726134812 0 0.008482389968873646 0 0 0 0 0
-1985 0.0118666662705169 0 0.008578767865839831 0 0 0 0 0
-1970 0.012006642897458092 0 0.008731363420752349 0 0 0 0 0
-1955 0.012166783102427539 0 0.008984843632620811 0 0 0 0 0
-1940 0.012226506018143683 0 0.009373226193516068 0 0 0 0 0
-1925 0.012247904782243206 0 0.009924319481745303 0 0 0 0 0
-1910 0.012300216581531746 0 0.010585878464834638 0 0 0 0 0
-1895 0.012323017448739194 0 0.011665731541788299 0 0 0 0 0
-1880 0.012246936663430592 0 0.013279652369232103 0 0 0 0 0
-1865 0.012242062685960184 0 0.015350592043044833 0 0 0 0 0
-1850 0.012212318070027773 0 0.016647904635356214 0 0 0 0 0
-1835 0.012163811979175031 0 0.017822199371650832 0 0 0 0 0
-1820 0.012137172020124454 0 0.018859054619961457 0 0 0 0 0
-1805 0.012050275010840428 0 0.019722683367628665 0 0 0 0 0
-1790 0.011971757236796622 0 0.020474544467549843 0 0 0 0 0
-1775 0.01188302414010936 0 0.021302486352779624 0 3.3383407331550417e-08 0 0 0
-1760 0.01182143175358265 0 0.021824636226852406 0 1.0015022199465124e-07 0 0 0
-1745 0.01167975257286755 0 0.02171387008132632 0 2.6706725865240333e-07 0 0 0
-1730 0.011563444781724427 0 0.021114103785207686 0 3.338340733155042e-07 0 0 0
-1715 0.01139939871809719 0 0.020377599052659023 0 6.676681466310084e-07 0 0 0
-1700 0.011296143839220703 0 0.0197501245284552 0 1.0015022199465125e-06 0 0 0
-1685 0.011162176225599191 0 0.019047737638199377 0 2.069771254556126e-06 0 0 0
-1670 0.011038056717140487 0 0.018447370440748775 0 3.2048071038288398e-06 0 0 0
-1655 0.010911733903797901 0 0.017840159644795205 0 6.109163541673726e-06 0 0 0
-1640 0.010749123326685919 0 0.017258353621820946 0 1.038223968011218e-05 0 0 0
-1625 0.010623668481933952 0 0.016739475321666655 0 1.60908023338073e-05 0 0 0
-1610 0.010514938724255093 0 0.016205440954583844 0 2.567184023796227e-05 0 0 0
-1595 0.010408913022570089 0 0.015705524429793876 0 4.1829409386432674e-05 0 0 0
-1580 0.010259321974317412 0 0.015176564340625462 0 6.750124962439494e-05 0 0 0
-1565 0.010108896340881445 0 0.014758437163797792 0 0.00010068435651195605 0 0 0
-1550 0.009987313971379938 0 0.014271172950386482 0 0.00015723584853160247 0 0 0
-1535 0.009844533138222897 0 0.013858687569397845 0 0.00022707393666920593 0 0 0
-1520 0.009710899358674701 0 0.013436153782802412 0 0.00032608912281458446 0 0 0
-1505 0.00951340312090125 0 0.013053379634338854 0 0.0004820230184602565 0 0 0
-1490 0.009315840116313133 0 0.012631580282704715 0 0.0006824569960788852 0 0 0
-1475 0.009138474073160605 0 0.012297111924649912 0 0.0009361708917986683 0 0 0
-1460 0.008966849976069105 0 0.011922550094389917 0 0.0012911032785477123 0 0 0
-1445 0.00876197600527538 0 0.011585377680341256 0 0.0017535970037190118 0 0 0
-1430 0.00849043537004055 0 0.011273643422679239 0 0.0023356367105445935 0 0 0
-1415 0.008248338900072146 0 0.01097763274987038 0 0.0030830912006980073 0 0 0
-1400 0.008017092037486495 0 0.010636254026497947 0 0.003986179135831109 0 0 0
-1385 0.0077808376638011136 0 0.010371323305914762 0 0.005116774991928727 0 0 0
-1370 0.0075309294765171265 0 0.010039859454519798 0 0.0065059587212165345 0 0 0
-1355 0.007247070363976954 0 0.00978280721806686 0 0.008150525516590703 0 0 0
-1340 0.0068473708279963 0 0.00953283226396821 0 0.010113937235388509 0 0 0
-1325 0.006349791141719542 0 0.009233249566574878 0 0.012401168005302355 0 0 0
-1310 0.00593763959480422 0 0.008976397630565928 0 0.0145398426125908 0 0 0
-1295 0.005628308942470074 0 0.008638257097704655 0 0.015290334992811384 0 0 0
-1280 0.005314237846294848 0 0.008282122908291674 0 0.015340777321289358 0 0 0
-1265 0.005022567016439092 0 0.00785615063074109 0 0.015024068935934939 0 0 0
-1250 0.004735603247017084 0 0.00731460499700868 0 0.014570488580521164 0 0 0
-1235 0.00450275398087952 0 0.006683758748664372 0 0.01394167872002408 0 0 0
-1220 0.004269637647483304 0 0.00606316120637085 0 0.01319085250573018 0 0 0
-1205 0.004045835284732589 0 0.005512368368807599 0 0.01245231138533429 0 0 0
-1190 0.0038443998048940144 0 0.005042997661726001 0 0.011686462637741191 0 0 0
-1175 0.003610382119499846 0 0.0046617925334070266 0 0.010927724555909714 0 0 0
-1160 0.0034420295963268374 0 0.004330729282900041 0 0.010227073602835134 0 0 0
-1145 0.003253947479420882 0 0.004002804072682221 0 0.009504189300477741 0 0 0
-1130 0.0030858286400991942 0 0.0037466865716345664 0 0.008811650515384727 0 0 0
-1115 0.0029155732627082873 0 0.003491270122140874 0 0.008140844328464554 0 0 0
-1100 0.0027867800772231658 0 0.003259388974815925 0 0.007567016939842533 0 0 0
-1085 0.002632014600834098 0 0.003085160971952563 0 0.0069769652152573795 0 0 0
-1070 0.0025041895341615912 0 0.0028657318355622824 0 0.006489033333699439 0 0 0
-1055 0.0023802703261468763 0 0.0026932397698801614 0 0.0060006007010315245 0 0 0
-1040 0.0022414621184622895 0 0.0025266899507030566 0 0.005550592370202225 0 0 0
-1025 0.002100350455671826 0 0.002388516027757769 0 0.005146319307417149 0 0 0
-1010 0.0019984642964959343 0 0.002220130121177429 0 0.004791320153853442 0 0 0
-995 0.0019000500116825236 0 0.0020738106468432436 0 0.004440059941910868 0 0 0
-980 0.0017794023775863004 0 0.0019864796532639076 0 0.0041269235811409255 0 0 0
-965 0.001675546597377847 0 0.001841795965888968 0 0.003861725793299089 0 0 0
-950 0.0015720914180573722 0 0.00172966110066229 0 0.003592121395689488 0 0 0
-935 0.001496578150673405 0 0.001635152674506671 0 0.0033586712282199557 0 0 0
-920 0.0014145885022671173 0 0.0015370388403592443 0 0.0031456850894446644 0 0 0
-905 0.0012941077852075518 0 0.001427674797941085 0 0.0029345016546652764 0 0 0
-890 0.0012045067199296705 0 0.0013591386626894122 0 0.00274294766339684 0 0 0
-875 0.001123251506484677 0 0.001259789642470718 0 0.0025845433956086334 0 0 0
-860 0.001028042028775095 0 0.001204773787188323 0 0.0024226672534579455 0 0 0
-845 0.0009671840772096787 0 0.0011223835378940566 0 0.0022750792096451608 0 0 0
-830 0.0008989817760313212 0 0.0010374227662352607 0 0.0021367049862558844 0 0 0
-815 0.0008384576585392203 0 0.0009752628617839138 0 0.0020246702712512013 0 0 0
-800 0.0007872475116926219 0 0.000902487033801134 0 0.001919913139044796 0 0 0
-785 0.0007217158831007884 0 0.0008547821447243484 0 0.0018251042622231927 0 0 0
-770 0.0006597228956860994 0 0.000779302260747713 0 0.0017188782600941995 0 0 0
-755 0.0006196961902955704 0 0.0007232849032453713 0 0.0016097479015273611 0 0 0
-740 0.0005597062073207742 0 0.000668435964999634 0 0.0015430478536789234 0 0 0
-725 0.0005142380065352026 0 0.0006120180066093138 0 0.0014600900864600206 0 0 0
-710 0.000456885312739599 0 0.000556534783624277 0 0.0013895509467684545 0 0 0
-695 0.00040360539463844456 0 0.0004942079621362723 0 0.0013198797756675089 0 0 0
-680 0.0003340009903521619 0 0.00042984475280104315 0 0.0012603237769880228 0 0 0
-665 0.00024229677041239292 0 0.0003573693754842472 0 0.0012005007110498845 0 0 0
-650 0.00012241695468479539 0 0.0002437322569276496 0 0.0011493573310179493 0 0 0
-635 9.884826910872078e-05 0 0.00020514103805237732 0 0.0010893339646358216 0 0 0
-620 8.920046438990271e-05 0 0.0001959939844435325 0 0.0010610582186259985 0 0 0
-605 8.652979180337868e-05 0 0.00018484392639479466 0 0.0010135202465858706 0 0 0
-590 7.698213730655526e-05 0 0.00017683190863522255 0 0.0009824402943601972 0 0 0
-575 7.651476960391355e-05 0 0.00016518109947651145 0 0.0009543982322016949 0 0 0
-560 7.077282354288689e-05 0 0.00015753629919758642 0 0.0009280587238171016 0 0 0
-545 6.733433258773719e-05 0 0.00014655315818550634 0 0.0009049240225363371 0 0 0
-530 6.232682148800463e-05 0 0.0001396427928678754 0 0.0009176764841369894 0 0 0
-515 5.8955097347518034e-05 0 0.00012996160474172577 0 0.0009383741966825506 0 0 0
-500 5.64179583903202e-05 0 0.00012431980890269376 0 0.0010283758628484106 0 0 0
-485 5.351360195247532e-05 0 0.00011160073070937304 0 0.0011667167028303555 0 0 0
-470 4.904022537004756e-05 0 0.00011166749752403614 0 0.0013909864332837113 0 0 0
-455 4.823902359409035e-05 0 0.00010555833398236242 0 0.0017811716981748725 0 0 0
-440 4.233016049640593e-05 0 0.00010111834080726621 0 0.002322750715314615 0 0 0
-425 4.132865827645942e-05 0 9.350692393567272e-05 0 0.0031364378856138246 0 0 0
-410 3.9125353392577085e-05 0 8.986813253653372e-05 0 0.004278617784055491 0 0 0
-395 3.698881532335786e-05 0 8.536137254677442e-05 0 0.00579315620787327 0 0 0
-380 3.548656199343809e-05 0 7.781672248984402e-05 0 0.007912301521872759 0 0 0
-365 3.281588940691406e-05 0 7.60807853086034e-05 0 0.010684493050092036 0 0 0
-350 3.077950155968948e-05 0 7.30428952414323e-05 0 0.013641695421742768 0 0 0
-335 2.6205974755267077e-05 0 6.760139984638959e-05 0 0.014877983145452075 0 0 0
-320 2.6806876087234985e-05 0 6.399599185458215e-05 0 0.015763411258106787 0 0 0
-305 2.550492320130452e-05 0 5.775329468358222e-05 0 0.016506292221455776 0 0 0
-290 2.5070938905994363e-05 0 5.818727897889237e-05 0 0.0172285756224812 0 0 0
-275 2.0898012989550562e-05 0 5.3113001064496715e-05 0 0.017793122423865052 0 0 0
-260 2.076447936022436e-05 0 5.117676343926679e-05 0 0.018282890392826226 0 0 0
-245 2.003004439893025e-05 0 4.974127692401012e-05 0 0.01871056522415072 0 0 0
-230 1.929560943763614e-05 0 4.673677026417058e-05 0 0.019071039256516802 0 0 0
-215 1.7359371812406216e-05 0 4.226339368174283e-05 0 0.01937783276989375 0 0 0
-200 1.6691703665775208e-05 0 4.316474567969469e-05 0 0.01959829679191131 0 0 0
-185 1.5289600557850092e-05 0 3.949257087322414e-05 0 0.019754965122518276 0 0 0
-170 1.3753963820598771e-05 0 3.678851487936856e-05 0 0.019912634955345187 0 0 0
-155 1.3987647671919624e-05 0 3.551994540076964e-05 0 0.020013519612301134 0 0 0
-140 1.2986145451973112e-05 0 3.188115400163065e-05 0 0.020113936901554438 0 0 0
-125 1.1316975085395592e-05 0 3.124686926233119e-05 0 0.02015877081760071 0 0 0
-110 1.1917876417363498e-05 0 3.0312133857047778e-05 0 0.02027701484636906 0 0 0
-95 1.1650809158711096e-05 0 2.810882897316545e-05 0 0.02029981571357651 0 0 0
-80 1.0048405606796676e-05 0 2.7441160826534443e-05 0 0.020515505908345655 0 0 0
-65 9.914871977470474e-06 0 2.497078868399971e-05 0 0.020929793993330198 0 0 0
-50 9.714571533481172e-06 0 2.3735602612732347e-05 0 0.021726655926334305 0 0 0
-35 9.64780471881807e-06 0 2.2366882912138778e-05 0 0.0211787674452089 0 0 0
-20 8.546152276876907e-06 0 2.1098313433539865e-05 0 0.02005117609577112 0 0 0
-5 8.112167981566751e-06 0 2.016357802825645e-05 0 0.018154731492080405 0 1 0
10 7.678183686256596e-06 0 1.932899284496769e-05 0 0.01621071553294223 0 0 0
25 6.476381022320781e-06 0 1.8027039959037224e-05 0 0.014621965794626414 0 0 0
40 6.175930356336827e-06 0 1.762643907105862e-05 0 0.013295042120011948 0 0 0
55 6.276080578331478e-06 0 1.6691703665775208e-05 0 0.012061992586813801 0 0 0
70 5.708562653695122e-06 0 1.4888999669871486e-05 0 0.010924319448361895 0 0 0
85 5.64179583903202e-06 0 1.545651759450784e-05 0 0.009901785681796506 0 0 0
100 5.7419460610266715e-06 0 1.3887497449924973e-05 0 0.008986312502543399 0 0 0
115 5.174428136390315e-06 0 1.4288098337903578e-05 0 0.008169120074474377 0 0 0
130 4.640293619085508e-06 0 1.2251710490679002e-05 0 0.007408979889534973 0 0 0
145 4.506759989759306e-06 0 1.1584042344047994e-05 0 0.006745451285413077 0 0 0
160 4.00600887978605e-06 0 1.0882990790085436e-05 0 0.0060812216297372185 0 0 0
175 3.972625472454499e-06 0 1.2652311378657608e-05 0 0.005519211967310567 0 0 0
190 4.172925916443802e-06 0 9.714571533481172e-06 0 0.0049999664496756325 0 0 0
205 3.2381905111603905e-06 0 9.414120867497217e-06 0 0.004536137388211071 0 0 0
220 3.304957325823491e-06 0 9.58103790415497e-06 0 0.004111533830361081 0 0 0
235 3.2381905111603905e-06 0 8.145551388898301e-06 0 0.0037076279850566524 0 0 0
250 2.737439401187134e-06 0 9.380737460165668e-06 0 0.0033808378106881054 0 0 0
265 3.0378900671710878e-06 0 7.511266649598844e-06 0 0.003052044631879665 0 0 0
280 2.1365380692192267e-06 0 7.010515539625588e-06 0 0.0027767650550237005 0 0 0
295 2.1031546618876763e-06 0 6.776831688304734e-06 0 0.0025007176597991103 0 0 0
310 2.3034551058769787e-06 0 7.010515539625588e-06 0 0.0022694040303987972 0 0 0
325 1.9028542178983738e-06 0 6.576531244315432e-06 0 0.0020397929547723934 0 0 0
340 1.9362376252299243e-06 0 6.4096142076576796e-06 0 0.0018364212373085883 0 0 0
355 1.8027039959037224e-06 0 5.107661321727213e-06 0 0.0016532464812803714 0 0 0
370 1.7693205885721721e-06 0 5.975629912347524e-06 0 0.001482924337074801 0 0 0
385 1.9028542178983738e-06 0 5.4081119877111675e-06 0 0.0013165748183416853 0 0 0
400 2.3702219205400797e-06 0 5.341345173048067e-06 0 0.0011858787786386655 0 0 0
415 1.7025537739090713e-06 0 4.406609767764655e-06 0 0.0010504422950945655 0 0 0
430 1.3353362932620167e-06 0 4.0727756944491506e-06 0 0.0009289266924077219 0 0 0
445 1.2351860712673653e-06 0 4.306459545770004e-06 0 0.0008142880716311778 0 0 0
460 1.2685694785989159e-06 0 4.439993175096205e-06 0 0.0007170088226670398 0 0 0
475 1.201802663935815e-06 0 3.772325028465197e-06 0 0.0006257719704299125 0 0 0
490 9.347354052834116e-07 0 3.772325028465197e-06 0 0.0005331663984921917 0 0 0
505 9.681188126149622e-07 0 3.271573918491941e-06 0 0.0004654314650164759 0 0 0
520 1.2685694785989159e-06 0 3.2048071038288398e-06 0 0.0003842430183861453 0 0 0
535 1.1684192566042645e-06 0 2.7708228085186844e-06 0 0.00031283591010395896 0 0 0
550 8.679685906203108e-07 0 2.5371389571978317e-06 0 0.0002479051828440934 0 0 0
565 6.342847392994579e-07 0 3.2381905111603905e-06 0 0.00020801201108289064 0 0 0
580 1.0015022199465125e-06 0 2.570522364529382e-06 0 0.0001636788461465917 0 0 0
595 7.678183686256596e-07 0 2.3034551058769787e-06 0 0.00012962777066841027 0 0 0
610 1.034885627278063e-06 0 2.1365380692192267e-06 0 0.00010081789014128225 0 0 0
625 7.010515539625588e-07 0 1.9028542178983738e-06 0 7.18410925774965e-05 0 0 0
640 6.009013319679075e-07 0 2.2033048838823273e-06 0 6.0457350677437806e-05 0 0 0
655 7.010515539625588e-07 0 1.5690201445828696e-06 0 4.256384434772678e-05 0 0 0
670 7.678183686256596e-07 0 1.9696210325614747e-06 0 3.18477705942991e-05 0 0 0
685 7.344349612941092e-07 0 1.9696210325614747e-06 0 2.2834250614780487e-05 0 0 0
700 6.009013319679075e-07 0 1.7693205885721721e-06 0 1.4955766484534586e-05 0 0 0
715 5.675179246363571e-07 0 2.003004439893025e-06 0 1.20514100466897e-05 0 0 0
730 5.675179246363571e-07 0 1.5022533299197687e-06 0 8.078784574235201e-06 0 0 0
745 7.678183686256596e-07 0 1.5356367372513193e-06 0 5.441495395042718e-06 0 0 0
760 4.673677026417058e-07 0 1.3353362932620167e-06 0 3.5386411771443442e-06 0 0 0
775 4.339842953101554e-07 0 1.3019528859304662e-06 0 2.3034551058769787e-06 0 0 0
790 2.6706725865240333e-07 0 9.013519979518612e-07 0 1.6024035519144199e-06 0 0 0
805 3.0045066598395376e-07 0 1.2685694785989159e-06 0 1.0015022199465125e-06 0 0 0
820 3.338340733155042e-07 0 1.3353362932620167e-06 0 7.678183686256596e-07 0 0 0
835 4.339842953101554e-07 0 1.1684192566042645e-06 0 3.338340733155042e-07 0 0 0
850 4.0060088797860497e-07 0 8.345851832887604e-07 0 2.6706725865240333e-07 0 0 0
865 3.0045066598395376e-07 0 1.034885627278063e-06 0 6.676681466310083e-08 0 0 0
880 4.339842953101554e-07 0 1.0682690346096133e-06 0 1.669170366577521e-07 0 0 0
895 3.338340733155042e-07 0 7.010515539625588e-07 0 1.0015022199465124e-07 0 0 0
910 1.3353362932620167e-07 0 1.1350358492727142e-06 0 3.3383407331550417e-08 0 0 0
925 3.338340733155042e-07 0 8.012017759572099e-07 0 0 0 0 0
940 2.6706725865240333e-07 0 6.676681466310084e-07 0 0 0 0 0
955 2.6706725865240333e-07 0 5.007511099732562e-07 0 0 0 0 0
970 1.669170366577521e-07 0 7.010515539625588e-07 0 0 0 0 0
985 3.338340733155042e-07 0 6.676681466310084e-07 0 0 0 0 0
