# msd, number of counts: 1181501
# column 1: time [ps]
# column 2: msd xyz [A^2]
# column 3: msd x [A^2]
# column 4: msd y [A^2]
# column 5: msd z [A^2]
# column 6: number of samples [-]
0.005 1.5570375626133515e-25 5.844076184817491e-26 4.761126461094758e-26 4.9651729802212644e-26 (count: 1181500)
0.01 1.5687436710645775e-25 5.880984514447322e-26 4.805743322987889e-26 5.000708873210565e-26 (count: 1181499)
0.015 1.5816609926299463e-25 5.909773535756467e-26 4.8663830175329675e-26 5.040453373010029e-26 (count: 1181498)
0.02 1.5971078944027497e-25 5.931864981234319e-26 4.961796168751086e-26 5.077417794042092e-26 (count: 1181497)
0.025 1.6147783459465566e-25 5.958725108222853e-26 5.0569544653511443e-26 5.1321038858915693e-26 (count: 1181496)
0.03 1.6373884257699792e-25 6.000425936826581e-26 5.188421159764058e-26 5.185037161109155e-26 (count: 1181495)
0.035 1.661011101392094e-25 6.031242862167922e-26 5.327386123739642e-26 5.251482028013376e-26 (count: 1181494)
0.04 1.6863216885169641e-25 6.069486831399466e-26 5.483689138312518e-26 5.310040915457659e-26 (count: 1181493)
0.045 1.7143746525695063e-25 6.10882392036376e-26 5.657942498326684e-26 5.376980107004618e-26 (count: 1181492)
0.05 1.7471995839438713e-25 6.150345262437209e-26 5.857560301513585e-26 5.46409027548792e-26 (count: 1181491)
0.055 1.7817117990765162e-25 6.197326708146603e-26 6.076794831057525e-26 5.542996451561034e-26 (count: 1181490)
0.06 1.818352866085458e-25 6.239324275019444e-26 6.308088898125704e-26 5.63611548770943e-26 (count: 1181489)
0.065 1.8568617515071028e-25 6.297630803789698e-26 6.554568908745077e-26 5.716417802536252e-26 (count: 1181488)
0.07 1.898400166298799e-25 6.338751978600937e-26 6.822378089072742e-26 5.82287159531431e-26 (count: 1181487)
0.075 1.9428113615438749e-25 6.39464012967962e-26 7.109165494188962e-26 5.924307991570166e-26 (count: 1181486)
0.08 1.9911096600735918e-25 6.455793973647602e-26 7.423484531439774e-26 6.031818095648542e-26 (count: 1181485)
0.085 2.0392375436319043e-25 6.508725536483305e-26 7.74553447606773e-26 6.138115423768005e-26 (count: 1181484)
0.09 2.0933573159716455e-25 6.5741321131895e-26 8.086845809252849e-26 6.272595237274106e-26 (count: 1181483)
0.095 2.1461825682843e-25 6.625694778753318e-26 8.445835780868035e-26 6.39029512322165e-26 (count: 1181482)
0.1 2.20382289272782e-25 6.685220542003309e-26 8.83039550868835e-26 6.52261287658654e-26 (count: 1181481)
0.105 2.264748079006126e-25 6.758958365635949e-26 9.224222707568018e-26 6.664299716857292e-26 (count: 1181480)
0.11 2.3281127369471787e-25 6.833487103011049e-26 9.648871562503667e-26 6.798768703957073e-26 (count: 1181479)
0.115 2.392051340944679e-25 6.894823887904125e-26 1.0079181635464704e-25 6.946507886077964e-26 (count: 1181478)
0.12 2.461069139027214e-25 6.963198774919594e-26 1.0539499584058543e-25 7.107993031294005e-26 (count: 1181477)
0.125 2.5359678330194088e-25 7.051702032242367e-26 1.0991456223161393e-25 7.31652007479033e-26 (count: 47259)
0.25 5.13622965394444e-25 9.527494406013893e-26 2.876716269332728e-25 1.3067639440103228e-25 (count: 47258)
0.375 9.376059511042648e-25 1.3430211164039634e-25 5.809568873817602e-25 2.2234695208210825e-25 (count: 47257)
0.5 1.5227227806508128e-24 1.8594961005843187e-25 9.886828309908135e-25 3.4809033960156737e-25 (count: 47256)
0.625 2.2707844710068505e-24 2.5146404401613766e-25 1.5108769846593537e-24 5.084434423313592e-25 (count: 47255)
0.75 3.182358594471687e-24 3.3033519204806326e-25 2.1487337599889805e-24 7.03289642434643e-25 (count: 47254)
0.875 4.25577064156108e-24 4.220119144906295e-25 2.9020844838119753e-24 9.31674243258475e-25 (count: 47253)
1 5.491824203047487e-24 5.274235718865556e-25 3.769345086889147e-24 1.1950555442717845e-24 (count: 47252)
1.125 6.89029874349706e-24 6.458167423010993e-25 4.7522611131563454e-24 1.492220888039616e-24 (count: 47251)
1.25 8.450112828242848e-24 7.770324159045556e-25 5.849293559497437e-24 1.8237868528408552e-24 (count: 47250)
1.375 1.0173142229993404e-23 9.220634756123602e-25 7.061461698119672e-24 2.1896170562613714e-24 (count: 47249)
1.5 1.2059861822088418e-23 1.0810511626774644e-24 8.388838973017312e-24 2.5899716863936415e-24 (count: 47248)
1.625 1.4107009656515928e-23 1.2518007377357142e-24 9.831013786910147e-24 3.024195131870066e-24 (count: 47247)
1.75 1.6318513586522653e-23 1.4368980402456658e-24 1.1388431959529155e-23 3.4931835867478345e-24 (count: 47246)
1.875 1.8691293917454657e-23 1.634670010726235e-24 1.3060514498797151e-23 3.996109407931271e-24 (count: 47245)
2 2.1227823531589256e-23 1.8460974154734278e-24 1.4847918389679005e-23 4.533807726436824e-24 (count: 47244)
2.125 2.3925733170640518e-23 2.0708474426797602e-24 1.6749771518842326e-23 5.105114209118433e-24 (count: 47243)
2.25 2.678684530896334e-23 2.3092835587173887e-24 1.8766276865818283e-23 5.7112848844276655e-24 (count: 47242)
2.375 2.9809683334333763e-23 2.5606718775934716e-24 2.0897950239958787e-23 6.351061216781501e-24 (count: 47241)
2.5 3.2995812201796203e-23 2.825367233783937e-24 2.3144720815916633e-23 7.025724152095633e-24 (count: 47240)
2.625 3.6343310693271444e-23 3.1022241008034582e-24 2.5506310612605754e-23 7.734775979862232e-24 (count: 47239)
2.75 3.9854540597855796e-23 3.3938423961517954e-24 2.798278466423023e-23 8.477913537473775e-24 (count: 47238)
2.875 4.352939441932311e-23 3.698763316526931e-24 3.0574926279671014e-23 9.255704823125166e-24 (count: 47237)
3 4.7364210924306217e-23 4.015865340937779e-24 3.3281519484524063e-23 1.0066826098844375e-23 (count: 47236)
3.125 5.138340213925871e-23 4.351985934692305e-24 3.611401805144385e-23 1.0917398153122554e-23 (count: 1889)
6.25 2.0418968864789176e-22 1.6951388634281678e-23 1.4402995553523415e-22 4.3208344478375937e-23 (count: 1888)
9.375 4.585754345718095e-22 3.786837118253438e-23 3.2380178174869365e-22 9.690528164058148e-23 (count: 1887)
12.5 8.145800575643947e-22 6.712745777898339e-23 5.754551795610557e-22 1.7199742022435556e-22 (count: 1886)
15.625 1.272176533416829e-21 1.0472678011660162e-22 8.989976082824095e-22 2.684521450178179e-22 (count: 1885)
18.75 1.8313651600467073e-21 1.5065542028018873e-22 1.2944435416051177e-21 3.862661981614011e-22 (count: 1884)
21.875 2.4921486356189786e-21 2.0493480175654609e-22 1.761792853457586e-21 5.254209804048466e-22 (count: 1883)
25 3.2544487546054975e-21 2.675545018415612e-22 2.3010035354383285e-21 6.85890717325608e-22 (count: 1882)
28.125 4.1182932406500875e-21 3.3850541252450062e-22 2.912111347474351e-21 8.676764806512356e-22 (count: 1881)
31.25 5.083753788453838e-21 4.178050290919028e-22 3.595161950547335e-21 1.0707868088145999e-21 (count: 1880)
34.375 6.15073277126517e-21 5.05461351026677e-22 4.350045502420527e-21 1.295225917817965e-21 (count: 1879)
37.5 7.319056333501392e-21 6.014309030771328e-22 5.1766974460602946e-21 1.540927984363964e-21 (count: 1878)
40.625 8.588859214483022e-21 7.0573084372597045e-22 6.075218865619335e-21 1.807909505137717e-21 (count: 1877)
43.75 9.960024560797297e-21 8.183847614947029e-22 7.04553856760913e-21 2.096101231693465e-21 (count: 1876)
46.875 1.1432493824205374e-20 9.393654567065751e-22 8.08768390033787e-21 2.4054444671609282e-21 (count: 1875)
50 1.3006102594510725e-20 1.0686669801359328e-21 9.201420234324307e-21 2.7360153800504846e-21 (count: 1874)
53.125 1.4680827162801988e-20 1.2063072677754854e-21 1.0386862823752124e-20 3.0876570712743794e-21 (count: 1873)
56.25 1.645678514470487e-20 1.3522798397530495e-21 1.164401611389121e-20 3.46048919106061e-21 (count: 1872)
59.375 1.833388057270647e-20 1.5065608773082839e-21 1.2972861923679932e-20 3.854457771718255e-21 (count: 1871)
62.5 2.0312265331990045e-20 1.6691806556743432e-21 1.437360712692623e-20 4.269477549389471e-21 (count: 1870)
65.625 2.239157964495697e-20 1.840116654320081e-21 1.584596265547318e-20 4.705500335163708e-21 (count: 1869)
68.75 2.4571790919907433e-20 2.019371779704992e-21 1.738986062768862e-20 5.1625585125138204e-21 (count: 1868)
71.875 2.6853371946088218e-20 2.206964206596008e-21 1.9005745589361874e-20 5.640662150130336e-21 (count: 1867)
75 2.923575063037289e-20 2.402886972019536e-21 2.0693152796996563e-20 6.139710861356786e-21 (count: 1866)
78.125 3.1887993308170594e-20 2.6327165559958365e-21 2.2562261525237003e-20 6.693015226937755e-21 (count: 74)
156.25 1.2721717702168506e-19 1.0497103839720269e-20 9.023828189796193e-20 2.6481791284002866e-20 (count: 73)
234.375 2.85871833131811e-19 2.3558546990290473e-20 2.032298879450565e-19 5.908339819646403e-20 (count: 72)
312.5 5.078440490252195e-19 4.180150686732235e-20 3.6192165754086326e-19 1.0412088461703386e-19 (count: 71)
390.625 7.93476688803723e-19 6.521799840763145e-20 5.672180074031253e-19 1.6104068299296628e-19 (count: 70)
468.75 1.1426558392117624e-18 9.376149309759741e-20 8.200094073956861e-19 2.288849387184788e-19 (count: 69)
546.875 1.5553929907896568e-18 1.2745493284569699e-19 1.1206717605603674e-18 3.072662973835923e-19 (count: 68)
625 2.032084618161617e-18 1.66356629096741e-19 1.4699456537233129e-18 3.95782335341563e-19 (count: 67)
703.125 2.5728210110205e-18 2.1052863743890705e-19 1.8683721761158817e-18 4.939201974657113e-19 (count: 66)
781.25 3.177219187088387e-18 2.598466305148219e-19 2.3169766466798434e-18 6.003959098937217e-19 (count: 65)
859.375 3.845679176245239e-18 3.143820084086331e-19 2.816911753507077e-18 7.143854143295292e-19 (count: 64)
937.5 4.576826808905654e-18 3.741187623676909e-19 3.3685958127908375e-18 8.341122337471259e-19 (count: 63)
1015.625 5.37030253947464e-18 4.393311666509959e-19 3.971483857087793e-18 9.594875157358508e-19 (count: 62)
1093.75 6.228117394311179e-18 5.100570399923395e-19 4.6275828164921076e-18 1.0904775378267318e-18 (count: 61)
1171.875 7.151875206700268e-18 5.862618980977633e-19 5.336992911069091e-18 1.2286203975334133e-18 (count: 60)
1250 8.141205828032086e-18 6.68107072779963e-19 6.098669426332862e-18 1.3744293289192606e-18 (count: 59)
1328.125 9.195718773549217e-18 7.555549797760328e-19 6.912634969613052e-18 1.5275288241601321e-18 (count: 58)
1406.25 1.0315680329366085e-17 8.488128746777912e-19 7.778790646760553e-18 1.688076807927741e-18 (count: 57)
1484.375 1.1502109614523984e-17 9.48490445367459e-19 8.698068364971709e-18 1.855550804184817e-18 (count: 56)
1562.5 1.2753221172417037e-17 1.0549412077899625e-18 9.669656963920585e-18 2.0286230007064897e-18 (count: 55)
1640.625 1.407083464267315e-17 1.1687078532264599e-18 1.0694094618811703e-17 2.2080321706349867e-18 (count: 54)
1718.75 1.5456294342317025e-17 1.2902458904861512e-18 1.177420682546915e-17 2.3918416263617247e-18 (count: 53)
1796.875 1.6910457308017992e-17 1.4195144117684264e-18 1.290875889425289e-17 2.5821840019966764e-18 (count: 52)
1875 1.8434660537616014e-17 1.5565279867276585e-18 1.409796830578367e-17 2.780164245104687e-18 (count: 51)
1953.125 2.4819597691126117e-17 1.6882519335641314e-18 1.795926347194816e-17 5.172082285613827e-18 (count: 2)
3906.25 9.71693849916666e-17 5.43372380126185e-18 7.183085039715796e-17 1.9904810793246797e-17 (count: 1)
