# msd, number of counts: 1645001
# column 1: time [ps]
# column 2: msd xyz [A^2]
# column 3: msd x [A^2]
# column 4: msd y [A^2]
# column 5: msd z [A^2]
# column 6: number of samples [-]
0.005 0.0011611949452196854 0.0003906417383597261 0.00038512523909703167 0.00038542796776292176 (count: 1645000)
0.01 0.004638983414534033 0.0015607443369303488 0.0015386859291337254 0.0015395531484699364 (count: 1644999)
0.015 0.010417663047963202 0.003505408186347214 0.0034557943054839483 0.0034564605561316825 (count: 1644998)
0.02 0.01847570528767468 0.006218028793395199 0.006129838076589789 0.006127838417689207 (count: 1644997)
0.025 0.028789969439255193 0.009691713121118016 0.009553872405420731 0.009544383912715617 (count: 1644996)
0.03 0.041337921203125315 0.013920022484068987 0.013721349928456547 0.013696548790601299 (count: 1644995)
0.035 0.05609689647156175 0.01889671608323828 0.01862586891743059 0.01857431147089434 (count: 1644994)
0.04 0.07304094728156066 0.02461467282164602 0.024260114892188767 0.024166159567724544 (count: 1644993)
0.045 0.09213704502436426 0.031064589542663196 0.030614583797738845 0.030457871683962016 (count: 1644992)
0.05 0.11334282420882791 0.03823419731597521 0.03767681470611166 0.037431812186741666 (count: 1644991)
0.055 0.13660721953608432 0.04610846109198533 0.04543158766495222 0.04506717077914925 (count: 1644990)
0.06 0.1618736542811337 0.05467065348884349 0.053861978239031286 0.05334102255325873 (count: 1644989)
0.065 0.18908402925330853 0.06390370943416848 0.06295068624353208 0.06222963357561312 (count: 1644988)
0.07 0.218181522752962 0.07379117892184565 0.07268096976052313 0.07170937407059676 (count: 1644987)
0.075 0.24911104290936165 0.08431737228069437 0.08303678845777869 0.08175688217088684 (count: 1644986)
0.08 0.2818174204064951 0.09546671820360643 0.09400217798845002 0.09234852421445287 (count: 1644985)
0.085 0.31624251735119285 0.10722273510541863 0.10556024870221063 0.10345953354356309 (count: 1644984)
0.09 0.35232293597701636 0.1195672034788785 0.11769238271006152 0.11506334978807817 (count: 1644983)
0.095 0.3899896363484519 0.1324800074245636 0.13037808434756218 0.1271315445763416 (count: 1644982)
0.1 0.4291696398376446 0.14593972073647157 0.14359555495569948 0.13963436414549446 (count: 1644981)
0.105 0.46978881749172974 0.15992459184298385 0.15732265364185574 0.15254157200688162 (count: 1644980)
0.11 0.5117743010796548 0.1744134052896944 0.17153773619095092 0.16582315959900046 (count: 1644979)
0.115 0.5550554579746176 0.18938582827627906 0.18621999398808403 0.1794496357102478 (count: 1644978)
0.12 0.5995632232679984 0.20482215107293877 0.20134920768172693 0.19339186451335996 (count: 1644977)
0.125 0.6452395133958508 0.22069263818202073 0.2168487138187651 0.20769816139506514 (count: 65799)
0.25 1.9590618614030264 0.7017533483548133 0.6835548647651783 0.5737536482830415 (count: 65798)
0.375 3.1307055784767774 1.1928515166441762 1.1588429016002921 0.7790111602322981 (count: 65797)
0.5 4.1486251420404185 1.659844712941562 1.6418742502221457 0.8469061788767074 (count: 65796)
0.625 5.336838317055503 2.1811709125824015 2.2258981620612213 0.92976924241182 (count: 65795)
0.75 6.727424988970806 2.771770957030863 2.897437859425012 1.0582161725149737 (count: 65794)
0.875 8.140435044956389 3.381873041279125 3.575601035670444 1.1829609680068889 (count: 65793)
1 9.481365956650384 3.9712960079034563 4.225218691606831 1.284851257140119 (count: 65792)
1.125 10.77877432242861 4.532487831938533 4.865415369639762 1.3808711208502324 (count: 65791)
1.25 12.072483314464446 5.071581943412787 5.516722433763699 1.4841789372879939 (count: 65790)
1.375 13.363427563548942 5.593984606665036 6.1781292549999485 1.5913137018838108 (count: 65789)
1.5 14.637417437375754 6.102174095439751 6.841043365731114 1.694199976205012 (count: 65788)
1.625 15.88807747301879 6.595679237507422 7.502347102445218 1.790051133066276 (count: 65787)
1.75 17.117005535004953 7.0726677865169805 8.163327714038346 1.8810100344496234 (count: 65786)
1.875 18.328533061987738 7.5333638032724135 8.824128649929474 1.971040608785696 (count: 65785)
2 19.523491784181033 7.980145810254286 9.481831997915842 2.061513976011068 (count: 65784)
2.125 20.69990954508767 8.415002744887467 10.133964340926896 2.15094245927317 (count: 65783)
2.25 21.86321853867279 8.840334941280606 10.78208118810261 2.240802409289607 (count: 65782)
2.375 23.0218556244273 9.260130953497784 11.428736119931406 2.332988550998192 (count: 65781)
2.5 24.17563835992489 9.677997289619398 12.074029935941368 2.4236111343640956 (count: 65780)
2.625 25.321308033282783 10.095436306063656 12.71716948538986 2.5087022418290448 (count: 65779)
2.75 26.46073051804064 10.511306120057156 13.35770232299942 2.5917220749841565 (count: 65778)
2.875 27.597171660459665 10.924469072748325 13.995209648492578 2.6774929392186957 (count: 65777)
3 28.732765261613928 11.33684743883538 14.6303924639784 2.7655253588001774 (count: 65776)
3.125 29.884781095540053 11.519153625855594 15.504460871344117 2.8611665983403083 (count: 2631)
6.25 58.67437873487303 21.92495053162141 31.66483195972668 5.084596243524978 (count: 2630)
9.375 85.84425131873324 32.01574669640574 46.64888940524329 7.179615217084099 (count: 2629)
12.5 112.98142579670865 42.22039063916015 61.41891424063786 9.342120916910634 (count: 2628)
15.625 141.0341613281076 52.69412837224078 77.14231717699221 11.197715778874777 (count: 2627)
18.75 168.27425031475423 62.389066164305454 92.81805089497426 13.067133255474436 (count: 2626)
21.875 194.58662620606896 71.96242591095728 107.73231956201118 14.891880733100878 (count: 2625)
25 220.53217008296136 81.41600275991404 122.33944217146077 16.77672515158691 (count: 2624)
28.125 245.94363252148605 90.91164621001448 136.3919432954005 18.6400430160716 (count: 2623)
31.25 270.67349636433534 100.09361285611405 150.098757683756 20.481125824465355 (count: 2622)
34.375 295.4625414307289 109.30110498838441 163.77915656656833 22.38227987577603 (count: 2621)
37.5 320.5627407251445 118.17955473749883 178.13586420123832 24.247321786406633 (count: 2620)
40.625 346.70015911324475 127.1799947629466 193.51384185971145 26.00632249058776 (count: 2619)
43.75 373.7983746838398 137.21349730971008 208.76748274103426 27.81739463309555 (count: 2618)
46.875 401.97978205223234 147.85755300385543 224.52844850916415 29.59378053921285 (count: 2617)
50 430.77329184718957 159.16798833234535 240.23409219103146 31.37121132381241 (count: 2616)
53.125 457.97486286771016 169.63716368558207 255.2333324785594 33.10436670356855 (count: 2615)
56.25 486.7500108534776 180.3721645782875 271.4644620919693 34.913384183221616 (count: 2614)
59.375 514.5348548121348 190.5428444078786 287.2257108276616 36.766299576594605 (count: 2613)
62.5 541.9432028587324 200.1301033250278 303.4032037335147 38.409895800189865 (count: 2612)
65.625 570.2207887648849 210.14429075078593 319.91393944183244 40.16255857226838 (count: 2611)
68.75 598.2106802263188 220.5276619736293 335.75439550353775 41.92862274915203 (count: 2610)
71.875 626.3360214131186 230.96282018336876 351.6428480397977 43.730353189951586 (count: 2609)
75 653.5725031953033 241.20680162664993 366.82000759501966 45.54569397363455 (count: 2608)
78.125 708.3708800234882 287.8993974730743 371.7252835679736 48.74619898244019 (count: 104)
156.25 1310.3768716067698 460.234961732264 757.6163077340902 92.52560214041598 (count: 103)
234.375 1799.3662693686272 567.2317561482321 1091.2119330297958 140.92258019059875 (count: 102)
312.5 2401.1570389109315 766.9106052186796 1430.504053145936 203.7423805463155 (count: 101)
390.625 2900.643509638429 970.2026541563283 1673.7344844759918 256.70637100610844 (count: 100)
468.75 3478.250163769928 1231.9474995997934 1933.865198696983 312.43746547315027 (count: 99)
546.875 3988.8851360339913 1467.8177536869769 2142.893991902552 378.17339044446396 (count: 98)
625 4415.776047676534 1751.7180677801957 2213.664770906638 450.3932089897009 (count: 97)
703.125 4795.870326372455 2071.31460828791 2194.200741278444 530.3549768061017 (count: 96)
781.25 5197.940520502004 2355.6960561507412 2233.1129871645444 609.1314771867188 (count: 95)
859.375 5757.370373233694 2635.337634807019 2436.093447335667 685.939291091009 (count: 94)
937.5 6379.3544250566165 2904.5711742378535 2700.330387607771 774.4528632109892 (count: 93)
1015.625 6980.028320700054 3138.260421625499 2975.5610964604816 866.2068026140718 (count: 92)
1093.75 7528.84196520028 3329.4618141274523 3245.4155604552548 953.9645906175723 (count: 91)
1171.875 8138.62471530605 3508.55861711635 3578.6844090755403 1051.3816891141616 (count: 90)
1250 8660.568713133891 3710.0145921544836 3803.148096432636 1147.4060245467704 (count: 89)
1328.125 8954.225585556596 3799.0239621445917 3918.8158227077 1236.3858007043013 (count: 88)
1406.25 9312.3495969032 3973.3781274753246 4032.473402641146 1306.4980667867253 (count: 87)
1484.375 9573.480029650955 4159.044605219225 4029.7135489616967 1384.7218754700307 (count: 86)
1562.5 9947.975963430084 4402.961743838831 4087.5109865291192 1457.5032330621314 (count: 85)
1640.625 10360.295152059696 4650.659970118797 4192.020758452719 1517.6144234881822 (count: 84)
1718.75 10611.583462020948 4818.276597497016 4210.914321966799 1582.3925425571297 (count: 83)
1796.875 10912.831388825909 4985.741664091129 4282.920633088689 1644.1690916460936 (count: 82)
1875 11228.247502372498 5175.618359027681 4350.462848715434 1702.166294629379 (count: 81)
1953.125 12761.82659916678 8969.822332318643 2675.534161821837 1116.4701050262984 (count: 3)
3906.25 15725.556510192775 9810.663781501118 3170.5962143774523 2744.2965143142055 (count: 2)
5859.375 20969.265049261456 17844.881578971166 931.0357705504996 2193.347699739789 (count: 1)
