# msd, number of counts: 4388001
# column 1: time [ps]
# column 2: msd xyz [A^2]
# column 3: msd x [A^2]
# column 4: msd y [A^2]
# column 5: msd z [A^2]
# column 6: number of samples [-]
0.005 1.0863627652293375e-25 2.739106991735038e-26 5.352665408345551e-26 2.771855252212786e-26 (count: 4388000)
0.01 1.1858256155595846e-25 3.0446611206205136e-26 5.70106599645741e-26 3.112529038517922e-26 (count: 4387999)
0.015 1.2906446730774322e-25 3.372246505194747e-26 6.058407338894633e-26 3.4757928866849425e-26 (count: 4387998)
0.02 1.4019859855549895e-25 3.717890197822705e-26 6.42732219375955e-26 3.874647463967639e-26 (count: 4387997)
0.025 1.5189626184519115e-25 4.088186899214925e-26 6.810140103407658e-26 4.2912991818965323e-26 (count: 4387996)
0.03 1.6419449222215103e-25 4.477146252054138e-26 7.201887125129144e-26 4.740415845031821e-26 (count: 4387995)
0.035 1.7698545933146838e-25 4.886233227195651e-26 7.600786063732976e-26 5.211526642218209e-26 (count: 4387994)
0.04 1.904119989598448e-25 5.314243047350727e-26 8.015475560349401e-26 5.71148128828435e-26 (count: 4387993)
0.045 2.043232688592173e-25 5.766185639365285e-26 8.428079523602628e-26 6.238061722953817e-26 (count: 4387992)
0.05 2.189741248807954e-25 6.232976081767246e-26 8.868456961880226e-26 6.795979444432065e-26 (count: 4387991)
0.055 2.3407522684973525e-25 6.7212177299923e-26 9.311638807039901e-26 7.374666147941323e-26 (count: 4387990)
0.06 2.497746948299818e-25 7.234379327469397e-26 9.762640162362908e-26 7.980449993165876e-26 (count: 4387989)
0.065 2.660525176918776e-25 7.761973973070549e-26 1.0228722635637298e-25 8.614555160479911e-26 (count: 4387988)
0.07 2.829877351236038e-25 8.316616406887279e-26 1.0704087449205581e-25 9.27806965626752e-26 (count: 4387987)
0.075 3.0056395141889696e-25 8.8881841384646e-26 1.1202355516306163e-25 9.965855487118932e-26 (count: 4387986)
0.08 3.1855730248580183e-25 9.483106065848801e-26 1.1693251123378743e-25 1.0679373059352636e-25 (count: 4387985)
0.085 3.3714142671577697e-25 1.009387261051604e-25 1.2200695952189865e-25 1.141957410887179e-25 (count: 4387984)
0.09 3.5632582850227086e-25 1.0726547857872114e-25 1.2719211806369256e-25 1.2186823185985717e-25 (count: 4387983)
0.095 3.7614239786742376e-25 1.1381881269890405e-25 1.3248127878927115e-25 1.2984230637924854e-25 (count: 4387982)
0.1 3.965076486436151e-25 1.205740900590498e-25 1.3786174794210013e-25 1.3807181064246518e-25 (count: 4387981)
0.105 4.1744916006677685e-25 1.275263228075322e-25 1.4336721006714797e-25 1.4655562719209664e-25 (count: 4387980)
0.11 4.389368822896584e-25 1.346403795341927e-25 1.4897694062867986e-25 1.5531956212678587e-25 (count: 4387979)
0.115 4.611148166196509e-25 1.4201305397379844e-25 1.547734701345817e-25 1.6432829251127075e-25 (count: 4387978)
0.12 4.837109444747355e-25 1.495535892408403e-25 1.6052265923420314e-25 1.7363469599969204e-25 (count: 4387977)
0.125 5.075069921078846e-25 1.5787817138273898e-25 1.6624980575094043e-25 1.8337901497420519e-25 (count: 175519)
0.25 1.278408595754788e-24 4.186446037713016e-25 3.4968760779643037e-25 5.100763841870559e-25 (count: 175518)
0.375 2.4122970490561418e-24 8.072055465065741e-25 6.002745403447776e-25 1.0048169622047899e-24 (count: 175517)
0.5 3.9105527763343055e-24 1.3237747732109466e-24 9.189984157806553e-25 1.6677795873427037e-24 (count: 175516)
0.625 5.773453773611527e-24 1.9680539670513503e-24 1.3053343415130016e-24 2.500065465047175e-24 (count: 175515)
0.75 7.998634204315104e-24 2.7393483843768203e-24 1.7582203540260767e-24 3.5010654659122085e-24 (count: 175514)
0.875 1.0588075556110252e-23 3.6392721717094555e-24 2.278649427117674e-24 4.6701539572831225e-24 (count: 175513)
1 1.3541039248892104e-23 4.666720124046628e-24 2.8672122355912427e-24 6.007106889254232e-24 (count: 175512)
1.125 1.6857314221854258e-23 5.821953128650501e-24 3.522766845023789e-24 7.512594248179969e-24 (count: 175511)
1.25 2.053532869232378e-23 7.104473160193852e-24 4.2447635496400495e-24 9.18609198248988e-24 (count: 175510)
1.375 2.457722908721003e-23 8.515107193761746e-24 5.033018351114289e-24 1.1029103542333996e-23 (count: 175509)
1.5 2.898159188877636e-23 1.0053166295385257e-23 5.8886722780222255e-24 1.303975331536888e-23 (count: 175508)
1.625 3.3750794879297133e-23 1.1718838910465353e-23 6.812126087824172e-24 1.5219829881007608e-23 (count: 175507)
1.75 3.8883894354284495e-23 1.3512665234638735e-23 7.802684576163265e-24 1.7568544543482496e-23 (count: 175506)
1.875 4.4379507452187036e-23 1.543448096074614e-23 8.859510663047871e-24 2.0085515828393023e-23 (count: 175505)
2 5.0239674574894425e-23 1.7484423356112306e-23 9.98398573377509e-24 2.277126548500703e-23 (count: 175504)
2.125 5.646408493242658e-23 1.9663100757783676e-23 1.1174726124289734e-23 2.5626258050353168e-23 (count: 175503)
2.25 6.305236036393545e-23 2.1969268706238684e-23 1.2433761522171861e-23 2.8649330135524907e-23 (count: 175502)
2.375 7.000527730553833e-23 2.4403417432245785e-23 1.3759908035760632e-23 3.184195183753191e-23 (count: 175501)
2.5 7.731965881796507e-23 2.69654641666414e-23 1.5151919342586808e-23 3.520227530873686e-23 (count: 175500)
2.625 8.499942257087992e-23 2.965554497131391e-23 1.661194568911509e-23 3.8731931910450917e-23 (count: 175499)
2.75 9.30427844268861e-23 3.2473444526344524e-23 1.813892474499189e-23 4.2430415155549684e-23 (count: 175498)
2.875 1.0144928457382285e-22 3.541924930337411e-23 1.9733347738159964e-23 4.6296687532288775e-23 (count: 175497)
3 1.1022113121958916e-22 3.849313306205494e-23 2.1395978854123543e-23 5.033201930341067e-23 (count: 175496)
3.125 1.1937266581155712e-22 4.1679262011373415e-23 2.3127814808521153e-23 5.456558899166255e-23 (count: 7019)
6.25 4.659785538153353e-22 1.633902732793714e-22 8.818222096070301e-23 2.1440605957526094e-22 (count: 7018)
9.375 1.0397300705506312e-21 3.6501174873775303e-22 1.951125421111711e-22 4.796057797017072e-22 (count: 7017)
12.5 1.840943880869077e-21 6.466659352375744e-22 3.4410730960758666e-22 8.501706360239158e-22 (count: 7016)
15.625 2.8695558233089163e-21 1.0082639559166043e-21 5.3515654344049025e-22 1.3261353239518216e-21 (count: 7015)
18.75 4.125371713261142e-21 1.4498519181919972e-21 7.68259570766802e-22 1.9072602243023426e-21 (count: 7014)
21.875 5.608453888056385e-21 1.9714412557411864e-21 1.043294585732358e-21 2.593718046582841e-21 (count: 7013)
25 7.318809121679706e-21 2.573091680037592e-21 1.3601511306746833e-21 3.3855663109674313e-21 (count: 7012)
28.125 9.256189604022708e-21 3.254849003094287e-21 1.7189141523448545e-21 4.282426448583566e-21 (count: 7011)
31.25 1.1420687746712771e-20 4.016582616944629e-21 2.1195975817405796e-21 5.284507548027563e-21 (count: 7010)
34.375 1.38122175976073e-20 4.858386216694039e-21 2.562255415408923e-21 6.391575965504336e-21 (count: 7009)
37.5 1.6430882344003556e-20 5.780194246215741e-21 3.0469354988460933e-21 7.603752598941723e-21 (count: 7008)
40.625 1.927654115214193e-20 6.782061058903524e-21 3.573531297321713e-21 8.920948795916693e-21 (count: 7007)
43.75 2.2349423494769662e-20 7.864100513894749e-21 4.142060235109719e-21 1.0343262745765193e-20 (count: 7006)
46.875 2.5649241834275218e-20 9.026180053085197e-21 4.7524646458438374e-21 1.1870597135346184e-20 (count: 7005)
50 2.9176196585408664e-20 1.0268386723690875e-20 5.404784452358386e-21 1.3503025409359403e-20 (count: 7004)
53.125 3.293032543263327e-20 1.1590614839837323e-20 6.099096602242497e-21 1.5240613990553454e-20 (count: 7003)
56.25 3.691145767099684e-20 1.299287025259581e-20 6.835412347625581e-21 1.708317507077545e-20 (count: 7002)
59.375 4.1119302796379324e-20 1.4475174425264576e-20 7.613532668502924e-21 1.903059570261182e-20 (count: 7001)
62.5 4.5553734886005255e-20 1.6037485964282697e-20 8.433564924456224e-21 2.1082683997266334e-20 (count: 7000)
65.625 5.021507256209886e-20 1.7679713604429723e-20 9.295688878681283e-21 2.323967007898786e-20 (count: 6999)
68.75 5.510334020359434e-20 1.9402061756912465e-20 1.0199776806474147e-20 2.550150164020773e-20 (count: 6998)
71.875 6.021848211464695e-20 2.1204475204205704e-20 1.1145773712677225e-20 2.786823319776403e-20 (count: 6997)
75 6.556057636944096e-20 2.308706716180886e-20 1.2133663954140292e-20 3.0339845253491813e-20 (count: 6996)
78.125 7.119288291434841e-20 2.5085728693126143e-20 1.3190608080213795e-20 3.291654614100848e-20 (count: 279)
156.25 2.843033571747924e-19 1.0030662123522482e-19 5.26349728836935e-20 1.313617630558741e-19 (count: 278)
234.375 6.389716582300498e-19 2.2587584356592316e-19 1.1827731166974884e-19 2.9481850299437775e-19 (count: 277)
312.5 1.134823989699608e-18 4.0195849545861516e-19 2.1017341158634476e-19 5.226920826546479e-19 (count: 276)
390.625 1.7713243019935878e-18 6.287042252717396e-19 3.282324804444542e-19 8.143875962773941e-19 (count: 275)
468.75 2.548130864627782e-18 9.062890227984381e-19 4.723983368154128e-19 1.1694435050139308e-18 (count: 274)
546.875 3.4646506453992005e-18 1.2349177692226011e-18 6.428055197767383e-19 1.586927356399861e-18 (count: 273)
625 4.5202566504325485e-18 1.6145989225063528e-18 8.394392563746443e-19 2.066218471551551e-18 (count: 272)
703.125 5.715179250296811e-18 2.045624451544071e-18 1.0623434770414994e-18 2.6072113217112413e-18 (count: 271)
781.25 7.048993429259707e-18 2.5281286960725247e-18 1.3116097389050938e-18 3.2092549942820877e-18 (count: 270)
859.375 8.521636438670866e-18 3.0623979057863172e-18 1.587147884211859e-18 3.87209064867269e-18 (count: 269)
937.5 1.0132450617794381e-17 3.6484196971092296e-18 1.8889483578171193e-18 4.595082562868032e-18 (count: 268)
1015.625 1.188206407740676e-17 4.2862756797042496e-18 2.217209747504451e-18 5.378578650198059e-18 (count: 267)
1093.75 1.3769125892565693e-17 4.975735403941641e-18 2.57202732232842e-18 6.221363166295631e-18 (count: 266)
1171.875 1.579456731446975e-17 5.717311914150274e-18 2.9534806043113583e-18 7.123774796008118e-18 (count: 265)
1250 1.795748527743404e-17 6.511259279566817e-18 3.361703203448666e-18 8.084522794418557e-18 (count: 264)
1328.125 2.0256695340757835e-17 7.357576549573354e-18 3.796552237250924e-18 9.102566553933557e-18 (count: 263)
1406.25 2.2692977645584843e-17 8.256000725289152e-18 4.258167702178899e-18 1.0178809218116793e-17 (count: 262)
1484.375 2.526441093308702e-17 9.206810972536406e-18 4.746290179612776e-18 1.1311309780937838e-17 (count: 261)
1562.5 2.7972427360349466e-17 1.0210433290204335e-17 5.2608239733749295e-18 1.25011700967702e-17 (count: 260)
1640.625 3.0816957543111205e-17 1.1267187001045601e-17 5.801854491541816e-18 1.374791605052379e-17 (count: 259)
1718.75 3.3797971808043215e-17 1.2376769210176716e-17 6.369414560596676e-18 1.5051788037269824e-17 (count: 258)
1796.875 3.6915724814300796e-17 1.353961271826212e-17 6.963252383147054e-18 1.6412859712891625e-17 (count: 257)
1875 4.016927989478453e-17 1.4755735186410755e-17 7.583000932734159e-18 1.7830543775639618e-17 (count: 256)
1953.125 4.65994706239156e-17 1.6788947850803593e-17 8.415203762971969e-18 2.1395319010140037e-17 (count: 10)
3906.25 1.8139715455116422e-16 6.950725572811726e-17 3.0988405414984966e-17 8.090149340806201e-17 (count: 9)
5859.375 4.015976882905812e-16 1.6036661036684874e-16 6.457892245642961e-17 1.7665215546730286e-16 (count: 8)
7812.5 7.104388552880448e-16 2.854043700330071e-16 1.0680198786743219e-16 3.182324973876056e-16 (count: 7)
9765.625 1.095044927235071e-15 4.354060434732335e-16 1.64088119337719e-16 4.955507644241184e-16 (count: 6)
11718.75 1.5486359636679768e-15 6.064760914834032e-16 2.348746414281762e-16 7.072852307563976e-16 (count: 5)
13671.875 2.062560230330272e-15 7.991424204424335e-16 3.2290133554244816e-16 9.405164743453904e-16 (count: 4)
15625 2.6117503382901876e-15 9.935127055089872e-16 4.484334097534315e-16 1.169804223027769e-15 (count: 3)
17578.125 3.2167657943894958e-15 1.1960572821351235e-15 5.8840884067219325e-16 1.4322996715821792e-15 (count: 2)
19531.25 3.91434334250527e-15 1.3891309230332516e-15 7.43615024135904e-16 1.781597395336114e-15 (count: 1)
